Date,Open,High,Low,Close,Adj Close,Volume,Dividends,Stock Splits,Returns
2018-01-02,195.77999877929688,199.5,194.5,199.35000610351562,197.754150390625,8890400,0.0,0,
2018-01-03,204.10000610351562,213.6999969482422,203.75,212.47000122070312,210.76910400390625,22867600,0.0,0,0.06581380763727451
2018-01-04,215.75999450683594,218.0500030517578,212.69000244140625,213.58999633789062,211.88011169433594,14581700,0.0,0,0.005271207540973766
2018-01-05,214.19000244140625,216.91000366210938,211.0800018310547,215.39999389648438,213.67562866210938,14503100,0.0,0,0.008474211918312102
2018-01-08,220.39999389648438,225.0,218.5800018310547,222.0,220.22280883789062,22030400,0.0,0,0.030640743714082985
2018-01-09,222.22000122070312,223.82000732421875,218.63999938964844,221.94000244140625,220.16326904296875,12425000,0.0,0,-0.0002703616180179669
2018-01-10,218.1999969482422,223.82000732421875,216.0,223.67999267578125,221.8893585205078,14566600,0.0,0,0.007840042914706968
2018-01-11,225.0,226.27000427246094,223.2100067138672,224.0800018310547,222.2861785888672,10150800,0.0,0,0.0017883690818039089
2018-01-12,223.60000610351562,224.99000549316406,221.33999633789062,222.97999572753906,221.1949462890625,8997900,0.0,0,-0.004909132482874723
2018-01-16,224.0500030517578,227.50999450683594,216.69000244140625,220.11000061035156,218.3479766845703,17558700,0.0,0,-0.012870861890179497
2018-01-17,220.6999969482422,225.1199951171875,216.89999389648438,224.72000122070312,222.92103576660156,13460200,0.0,0,0.02094390409047664
2018-01-18,223.94000244140625,226.63999938964844,222.67999267578125,224.44000244140625,222.64328002929688,10215800,0.0,0,-0.0012459826249663353
2018-01-19,228.08999633789062,231.08999633789062,227.0,230.11000061035156,228.2678680419922,15234500,0.0,0,0.025262779150375447
2018-01-22,230.42999267578125,233.75999450683594,228.10000610351562,233.69000244140625,231.81922912597656,13773600,0.0,0,0.015557866792408337
2018-01-23,235.85000610351562,239.8300018310547,235.10000610351562,238.91000366210938,236.9974365234375,11880700,0.0,0,0.02233726432869365
2018-01-24,239.0399932861328,240.49000549316406,233.5500030517578,235.8000030517578,233.91233825683594,14499300,0.0,0,-0.01301743306534231
2018-01-25,238.0,239.75,235.75,236.35000610351562,234.45791625976562,10247100,0.0,0,0.002332403698733776
2018-01-26,238.1199951171875,243.33999633789062,237.60000610351562,243.3300018310547,241.38206481933594,12908900,0.0,0,0.02953258593281527
2018-01-29,242.74000549316406,248.11000061035156,240.61000061035156,246.85000610351562,244.87388610839844,11377900,0.0,0,0.014465951692293144
2018-01-30,241.11000061035156,246.4199981689453,238.41000366210938,242.72000122070312,240.77691650390625,14270800,0.0,0,-0.016730937175875815
2018-01-31,245.77000427246094,249.27000427246094,244.4499969482422,245.8000030517578,243.832275390625,11964400,0.0,0,0.01268958391478181
2018-02-01,238.52000427246094,246.89999389648438,238.05999755859375,240.5,238.57472229003906,12980600,0.0,0,-0.02156217052136844
2018-02-02,237.0,237.97000122070312,231.1699981689453,233.52000427246094,231.6505889892578,17961600,0.0,0,-0.029022912546298518
2018-02-05,227.0,233.22999572753906,205.0,213.6999969482422,211.98924255371094,29130100,0.0,0,-0.08487501163426192
2018-02-06,204.39999389648438,225.6999969482422,204.0,225.5800018310547,223.77415466308594,27870000,0.0,0,0.05559202895113469
2018-02-07,229.5800018310547,234.97000122070312,226.6999969482422,228.8000030517578,226.96835327148438,20073300,0.0,0,0.014274207015585016
2018-02-08,233.8800048828125,235.22000122070312,217.50999450683594,217.52000427246094,215.7786407470703,28600000,0.0,0,-0.04930076093485014
2018-02-09,238.25,238.88999938964844,217.52000427246094,232.0800018310547,230.22207641601562,41865100,0.0,0,0.06693635486320226
2018-02-12,235.36000061035156,235.47999572753906,225.02999877929688,228.02999877929688,226.2045440673828,27329300,0.0,0,-0.017450682450509514
2018-02-13,226.55999755859375,234.5,225.25,232.6300048828125,230.76771545410156,15638100,0.0,0,0.020172766225949212
2018-02-14,231.0,242.58999633789062,230.5500030517578,241.4199981689453,239.4873504638672,18624700,0.0,0,0.037785333154628065
2018-02-15,244.7899932861328,248.3699951171875,241.52000427246094,246.5,244.52670288085938,17472500,0.0,0,0.021042248817030984
2018-02-16,245.39999389648438,250.0,243.47000122070312,243.83999633789062,241.88796997070312,15941400,0.0,0,-0.0107911850896788
2018-02-20,244.75,251.8699951171875,244.60000610351562,249.0800018310547,247.08602905273438,17156000,0.0,0,0.021489531218360503
2018-02-21,251.69000244140625,251.97000122070312,241.36000061035156,241.50999450683594,239.57662963867188,22307300,0.0,0,-0.030391841428071165
2018-02-22,242.72999572753906,245.6300048828125,239.5,242.14999389648438,240.3607635498047,13359100,0.15,0,0.003272998340094535
2018-02-23,244.57000732421875,245.92999267578125,242.52000427246094,245.92999267578125,244.11285400390625,10382500,0.0,0,0.015610245194299877
2018-02-26,247.8000030517578,247.97999572753906,244.05999755859375,246.5800018310547,244.758056640625,11732800,0.0,0,0.0026430506470112025
2018-02-27,245.5,248.91000366210938,245.1300048828125,246.05999755859375,244.2418975830078,11385900,0.0,0,-0.002108854207708677
2018-02-28,246.5,248.10000610351562,241.52999877929688,242.0,240.21188354492188,13077900,0.0,0,-0.016500093055149545
2018-03-01,241.91000366210938,244.08999633789062,228.1199951171875,232.2100067138672,230.49423217773438,26003000,0.0,0,-0.04045449885234431
2018-03-02,227.86000061035156,236.8000030517578,221.85000610351562,236.5399932861328,234.79222106933594,22835700,0.0,0,0.018646839233215085
2018-03-05,234.50999450683594,237.25,229.52000427246094,235.64999389648438,233.90882873535156,15519400,0.0,0,-0.0037624429376793556
2018-03-06,239.10000610351562,242.94000244140625,237.36000061035156,242.16000366210938,240.37069702148438,15920200,0.0,0,0.027625585237929906
2018-03-07,238.0,243.9499969482422,237.9499969482422,241.83999633789062,240.05307006835938,14530200,0.0,0,-0.0013214046348445363
2018-03-08,242.9499969482422,242.9499969482422,239.38999938964844,241.17999267578125,239.39794921875,10297800,0.0,0,-0.0027290667410453384
2018-03-09,243.10000610351562,245.85000610351562,242.4499969482422,245.3300018310547,243.51727294921875,12638100,0.0,0,0.017207013443146568
2018-03-12,247.0,253.0,246.6699981689453,249.75999450683594,247.91453552246094,15126500,0.0,0,0.018057292281517867
2018-03-13,251.49000549316406,254.5,246.0399932861328,247.7100067138672,245.87969970703125,15494300,0.0,0,-0.008207811660342679
2018-03-14,249.4499969482422,250.5500030517578,246.22000122070312,248.74000549316406,246.90208435058594,12637400,0.0,0,0.004158068538284709
2018-03-15,249.2899932861328,252.6199951171875,247.63999938964844,249.33999633789062,247.49765014648438,10048800,0.0,0,0.0024121537793613257
2018-03-16,250.0,251.25,248.47999572753906,250.47999572753906,248.62921142578125,9986400,0.0,0,0.004572008173116648
2018-03-19,248.17999267578125,249.35000610351562,237.0,241.0,239.2192840576172,17844300,0.0,0,-0.03784723168368753
2018-03-20,241.1199951171875,251.14999389648438,241.1199951171875,249.5800018310547,247.7358856201172,13867400,0.0,0,0.03560165141389149
2018-03-21,249.32000732421875,252.0,247.3300018310547,248.55999755859375,246.72341918945312,10967200,0.0,0,-0.00408687836293764
2018-03-22,246.0,247.8800048828125,240.33999633789062,241.85000610351562,240.06297302246094,13779900,0.0,0,-0.026995597697508367
2018-03-23,242.39999389648438,242.5,232.52000427246094,232.97000122070312,231.24864196777344,18390500,0.0,0,-0.03671674537606762
2018-03-26,238.0,244.52999877929688,235.89999389648438,244.47999572753906,242.67356872558594,15285600,0.0,0,0.04940537881906648
2018-03-27,247.75,250.0,219.85000610351562,225.52000427246094,223.85365295410156,35225000,0.0,0,-0.0775523921715836
2018-03-28,224.1300048828125,229.38999938964844,217.0,221.35000610351562,219.71449279785156,23647600,0.0,0,-0.01849047402902415
2018-03-29,224.11000061035156,235.5,220.6999969482422,231.58999633789062,229.87879943847656,22915700,0.0,0,0.046261430054942654
2018-04-02,228.74000549316406,234.64999389648438,217.5,221.0500030517578,219.41668701171875,23052300,0.0,0,-0.045511427988633724
2018-04-03,227.8000030517578,230.35000610351562,221.35000610351562,225.35000610351562,223.68492126464844,16685800,0.0,0,0.019452641962011352
2018-04-04,215.00999450683594,226.66000366210938,214.0,226.24000549316406,224.56834411621094,19729200,0.0,0,0.003949407258065918
2018-04-05,228.60000610351562,229.1300048828125,218.49000549316406,221.3800048828125,219.7442626953125,17531000,0.0,0,-0.0214815736380104
2018-04-06,217.22999572753906,221.60000610351562,213.07000732421875,214.25,212.6669464111328,16574700,0.0,0,-0.03220705832030202
2018-04-09,216.8000030517578,221.97000122070312,214.60000610351562,215.41000366210938,213.818359375,12488100,0.0,0,0.005414160419838998
2018-04-10,224.72000122070312,229.0,222.41000366210938,227.91000366210938,226.22598266601562,19041900,0.0,0,0.058028802237953814
2018-04-11,227.30999755859375,228.97999572753906,224.9199981689453,226.24000549316406,224.56834411621094,11506100,0.0,0,-0.007327357053640959
2018-04-12,230.0,235.32000732421875,228.2100067138672,234.60000610351562,232.86656188964844,14848000,0.0,0,0.03695185893673103
2018-04-13,237.1699981689453,237.50999450683594,229.5500030517578,231.5,229.78944396972656,12575900,0.0,0,-0.013214082326599041
2018-04-16,231.77000427246094,232.83999633789062,227.67999267578125,231.49000549316406,229.77955627441406,8769800,0.0,0,-4.3029371330938204e-05
2018-04-17,233.60000610351562,238.39999389648438,231.35000610351562,237.5399932861328,235.78482055664062,11180600,0.0,0,0.026134893719852004
2018-04-18,235.5,239.25,232.77000427246094,236.3699951171875,234.62350463867188,9784100,0.0,0,-0.004925320956739809
2018-04-19,231.75,233.10000610351562,226.8000030517578,229.0399932861328,227.34762573242188,11799900,0.0,0,-0.031010869594907398
2018-04-20,228.69000244140625,232.10000610351562,227.4499969482422,228.7100067138672,227.0200958251953,9655000,0.0,0,-0.0014406568186995372
2018-04-23,229.42999267578125,231.5,222.8300018310547,223.8800048828125,222.22579956054688,10687700,0.0,0,-0.021118378296959395
2018-04-24,224.9199981689453,228.8000030517578,218.55999755859375,221.1999969482422,219.56558227539062,10364900,0.0,0,-0.011970785077236035
2018-04-25,220.0,221.5800018310547,210.3000030517578,216.66000366210938,215.0591278076172,14712300,0.0,0,-0.020524411982389856
2018-04-26,223.1999969482422,225.5500030517578,220.52999877929688,225.22000122070312,223.55587768554688,9395600,0.0,0,0.039508901410269415
2018-04-27,229.5,230.3000030517578,224.6199951171875,226.3300018310547,224.65769958496094,10021200,0.0,0,0.004928619684801516
2018-04-30,226.99000549316406,229.0,224.1199951171875,224.89999389648438,223.2382354736328,8196100,0.0,0,-0.0063183416991737795
2018-05-01,224.57000732421875,227.25,222.1999969482422,227.13999938964844,225.46168518066406,6344700,0.0,0,0.009959986031576884
2018-05-02,227.0,228.8000030517578,225.25,226.30999755859375,224.63780212402344,6706200,0.0,0,-0.0036542042874400105
2018-05-03,227.60000610351562,234.0500030517578,225.77000427246094,232.99000549316406,231.26846313476562,11078600,0.0,0,0.02951712021773334
2018-05-04,231.8300018310547,239.19000244140625,231.1300048828125,239.05999755859375,237.2936248779297,10016500,0.0,0,0.026052673423323958
2018-05-07,243.2899932861328,250.99000549316406,242.88999938964844,248.67999267578125,246.84251403808594,17190400,0.0,0,0.040240816267476553
2018-05-08,248.69000244140625,250.50999450683594,246.7100067138672,250.39999389648438,248.54981994628906,12665400,0.0,0,0.006916579645351195
2018-05-09,251.2100067138672,255.8699951171875,250.11000061035156,255.77999877929688,253.89007568359375,14919000,0.0,0,0.021485655223804745
2018-05-10,257.9200134277344,260.5,257.20001220703125,260.1300048828125,258.2079162597656,24852000,0.0,0,0.017006732400020708
2018-05-11,252.77999877929688,259.7900085449219,250.5399932861328,254.52999877929688,252.64930725097656,30361400,0.0,0,-0.021527647522614712
2018-05-14,256.07000732421875,258.489990234375,254.39999389648438,255.36000061035156,253.47317504882812,13078500,0.0,0,0.003260914533334436
2018-05-15,252.7899932861328,252.89999389648438,241.5,245.55999755859375,243.74559020996094,24088200,0.0,0,-0.03837717674461327
2018-05-16,244.0,248.52000427246094,242.50999450683594,246.00999450683594,244.1922607421875,13845700,0.0,0,0.0018325276442614502
2018-05-17,246.0800018310547,251.5,245.42999267578125,247.7100067138672,245.87969970703125,12994600,0.0,0,0.00691028847398778
2018-05-18,249.80999755859375,252.3699951171875,245.74000549316406,245.94000244140625,244.12278747558594,12092900,0.0,0,-0.0071454139302215
2018-05-21,249.8800048828125,250.02999877929688,240.49000549316406,244.24000549316406,242.4353485107422,16015600,0.0,0,-0.006912255026632841
2018-05-22,244.77999877929688,245.8000030517578,240.25,242.6999969482422,240.90670776367188,12956600,0.0,0,-0.006305354216951442
2018-05-23,240.27999877929688,247.58999633789062,240.25,247.5399932861328,245.86289978027344,11073900,0.15,0,0.020573076036818128
2018-05-24,247.38999938964844,249.39999389648438,245.24000549316406,247.69000244140625,246.0118865966797,10934300,0.0,0,0.0006059751859244233
2018-05-25,248.1999969482422,249.94000244140625,246.75999450683594,249.27999877929688,247.5911102294922,7302800,0.0,0,0.006419298086199898
2018-05-29,248.5500030517578,251.33999633789062,246.6999969482422,248.58999633789062,246.90579223632812,8817100,0.0,0,-0.00276794264757263
2018-05-30,249.9499969482422,253.33999633789062,248.9499969482422,252.99000549316406,251.27601623535156,9774900,0.0,0,0.01769996547849484
2018-05-31,251.6999969482422,255.1999969482422,251.27000427246094,252.19000244140625,250.4813995361328,12346700,0.0,0,-0.003162326079200861
2018-06-01,254.0,257.8699951171875,253.64999389648438,257.6199951171875,255.87460327148438,10549200,0.0,0,0.021531354205698516
2018-06-04,259.0,265.739990234375,257.70001220703125,264.8500061035156,263.0556335449219,16050600,0.0,0,0.028064646438624496
2018-06-05,264.9800109863281,266.5899963378906,263.1700134277344,265.07000732421875,263.274169921875,9792800,0.0,0,0.0008307610599633808
2018-06-06,261.42999267578125,265.2799987792969,260.7699890136719,265.1499938964844,263.3536071777344,9283900,0.0,0,0.0003017282549326872
2018-06-07,265.0,265.4800109863281,259.25,262.8999938964844,261.11883544921875,9236200,0.0,0,-0.00848582160109701
2018-06-08,259.9599914550781,264.0,259.20001220703125,262.2799987792969,260.5030212402344,9011400,0.0,0,-0.002358367629531455
2018-06-11,261.7699890136719,263.45001220703125,260.1000061035156,260.6199951171875,258.854248046875,6634300,0.0,0,-0.00632919029310941
2018-06-12,261.69000244140625,263.07000732421875,259.6600036621094,262.5799865722656,260.8009948730469,7979000,0.0,0,0.00752062923772967
2018-06-13,262.6400146484375,265.6700134277344,262.0299987792969,262.3999938964844,260.6222839355469,8455200,0.0,0,-0.0006852387107917357
2018-06-14,264.2200012207031,269.20001220703125,263.6199951171875,266.9100036621094,265.1017150878906,10750400,0.0,0,0.017187444928736584
2018-06-15,264.6000061035156,267.4800109863281,263.3500061035156,265.260009765625,263.4628601074219,10806500,0.0,0,-0.006181985582120464
2018-06-18,263.4800109863281,265.79998779296875,262.3800048828125,265.0899963378906,263.2939758300781,8906700,0.0,0,-0.0006410173990932799
2018-06-19,260.9200134277344,263.6400146484375,255.02000427246094,260.1700134277344,258.4073486328125,14873300,0.0,0,-0.018559586036329567
2018-06-20,261.8299865722656,264.45001220703125,260.2799987792969,262.30999755859375,260.5328369140625,9244500,0.0,0,0.008225339923557007
2018-06-21,263.6000061035156,264.3399963378906,256.79998779296875,257.1099853515625,255.36807250976562,8987900,0.0,0,-0.019823852016014776
2018-06-22,257.95001220703125,258.489990234375,250.3300018310547,250.9499969482422,249.24978637695312,10854000,0.0,0,-0.02395869645207327
2018-06-25,246.64999389648438,246.8000030517578,235.5399932861328,239.1199951171875,237.49996948242188,16645400,0.0,0,-0.047140730049659574
2018-06-26,243.6999969482422,245.64999389648438,239.91000366210938,241.99000549316406,240.35052490234375,11972100,0.0,0,0.01200234015243895
2018-06-27,243.75,246.42999267578125,235.5,235.72000122070312,234.1229705810547,11347300,0.0,0,-0.025910300482261728
2018-06-28,235.32000732421875,241.33999633789062,235.00999450683594,240.86000061035156,239.22817993164062,8450300,0.0,0,0.021805674761069538
2018-06-29,243.49000549316406,244.0,236.85000610351562,236.89999389648438,235.29498291015625,9807500,0.0,0,-0.01644119443875003
2018-07-02,234.08999633789062,242.38999938964844,233.25999450683594,242.24000549316406,240.5988006591797,8939300,0.0,0,0.0225411425412696
2018-07-03,243.63999938964844,243.8800048828125,236.5,236.83999633789062,235.23541259765625,5568300,0.0,0,-0.022291832074096463
2018-07-05,239.07000732421875,242.92999267578125,237.5,242.72999572753906,241.0854949951172,7655400,0.0,0,0.02486905493037672
2018-07-06,241.74000549316406,247.6699981689453,240.8800048828125,247.3300018310547,245.65432739257812,7408800,0.0,0,0.01895108786015287
2018-07-09,250.3300018310547,250.72000122070312,246.07000732421875,249.25,247.5613250732422,7597000,0.0,0,0.007762931355231206
2018-07-10,249.75,254.13999938964844,248.1199951171875,253.25,251.53421020507812,9000400,0.0,0,0.0160480847751987
2018-07-11,249.5,250.89999389648438,247.10000610351562,247.52999877929688,245.85299682617188,9187700,0.0,0,-0.022586245323347076
2018-07-12,249.36000061035156,253.1699981689453,248.9600067138672,251.22999572753906,249.52789306640625,8637700,0.0,0,0.01494753485894118
2018-07-13,251.97999572753906,251.97999572753906,247.6199951171875,249.32000732421875,247.630859375,6174700,0.0,0,-0.007602491521464527
2018-07-16,248.1999969482422,250.33999633789062,247.6999969482422,248.1999969482422,246.5184326171875,4925900,0.0,0,-0.004492278388162796
2018-07-17,246.2100067138672,254.3000030517578,245.17999267578125,253.69000244140625,251.9712371826172,9053400,0.0,0,0.02211925699648276
2018-07-18,253.38999938964844,253.9499969482422,249.63999938964844,251.6999969482422,249.9947052001953,6941000,0.0,0,-0.007844276213913148
2018-07-19,250.94000244140625,253.38999938964844,250.3300018310547,252.02999877929688,250.32247924804688,5893800,0.0,0,0.0013111239599616908
2018-07-20,251.92999267578125,253.5,250.4499969482422,250.88999938964844,249.19021606445312,5558800,0.0,0,-0.004523218158413056
2018-07-23,249.82000732421875,249.88999938964844,243.27999877929688,249.41000366210938,247.72023010253906,7539600,0.0,0,-0.005899051676787503
2018-07-24,251.35000610351562,254.85000610351562,248.0,248.7100067138672,247.02499389648438,8865500,0.0,0,-0.0028065378663942875
2018-07-25,249.08999633789062,252.3800048828125,246.75,251.8699951171875,250.16358947753906,7977800,0.0,0,0.012705579024808733
2018-07-26,251.05999755859375,256.3299865722656,250.3800048828125,254.83999633789062,253.1134490966797,8128100,0.0,0,0.01179172246969018
2018-07-27,256.32000732421875,256.6000061035156,249.83999633789062,252.02000427246094,250.3125762939453,7385500,0.0,0,-0.011065681467066324
2018-07-30,252.58999633789062,252.8300018310547,242.72000122070312,244.1300048828125,242.47601318359375,8508500,0.0,0,-0.031307109000983546
2018-07-31,243.7100067138672,247.8800048828125,242.13999938964844,244.86000061035156,243.20106506347656,7099700,0.0,0,0.002990200434109802
2018-08-01,246.1300048828125,248.36000061035156,243.88999938964844,246.47000122070312,244.80015563964844,7088900,0.0,0,0.006575179166071976
2018-08-02,243.58999633789062,250.77999877929688,241.2100067138672,250.6199951171875,248.92201232910156,6741700,0.0,0,0.016837639170134366
2018-08-03,251.61000061035156,253.05999755859375,250.92999267578125,252.10000610351562,250.3920135498047,5357200,0.0,0,0.005905468973790962
2018-08-06,251.58999633789062,254.1699981689453,249.7100067138672,254.02999877929688,252.30894470214844,5187700,0.0,0,0.007655720025441015
2018-08-07,256.0,257.70001220703125,254.9199981689453,256.95001220703125,255.20916748046875,6453300,0.0,0,0.01149472834482368
2018-08-08,257.0,260.239990234375,255.58999633789062,258.4200134277344,256.66925048828125,6552500,0.0,0,0.0057211228821716364
2018-08-09,259.1400146484375,259.25,256.1499938964844,256.4599914550781,254.7224884033203,5107000,0.0,0,-0.007584710989950949
2018-08-10,253.14999389648438,256.1000061035156,252.6999969482422,254.7899932861328,253.0637664794922,6409900,0.0,0,-0.006511878610426236
2018-08-13,255.13999938964844,261.0,255.07000732421875,256.1199951171875,254.38478088378906,9380200,0.0,0,0.005220085129824081
2018-08-14,260.3800048828125,262.0,257.0199890136719,261.42999267578125,259.6587829589844,11655500,0.0,0,0.02073238051770332
2018-08-15,262.2699890136719,263.6400146484375,255.89999389648438,259.0799865722656,257.3247375488281,14778400,0.0,0,-0.008988894515942203
2018-08-16,261.8999938964844,262.0,255.00999450683594,257.44000244140625,255.69580078125,20031500,0.0,0,-0.006330276611159591
2018-08-17,252.94000244140625,252.97000122070312,243.72999572753906,244.82000732421875,243.16131591796875,28579700,0.0,0,-0.049021082180401576
2018-08-20,243.17999267578125,253.1999969482422,238.72000122070312,247.83999633789062,246.160888671875,21359700,0.0,0,0.01233573170379687
2018-08-21,248.5,253.5,247.6999969482422,253.32000732421875,251.60374450683594,16849700,0.0,0,0.022110969229624855
2018-08-22,252.0,263.0199890136719,251.86000061035156,262.82000732421875,261.03936767578125,18746400,0.0,0,0.037501918691392744
2018-08-23,261.260009765625,269.4800109863281,260.70001220703125,266.8399963378906,265.0321350097656,18017100,0.0,0,0.015295652029557072
2018-08-24,267.17999267578125,272.80999755859375,267.0,272.2200012207031,270.375732421875,13287800,0.0,0,0.020162073598782637
2018-08-27,273.4200134277344,278.8999938964844,272.1499938964844,275.8999938964844,274.03076171875,12644400,0.0,0,0.013518333410085681
2018-08-28,275.6600036621094,276.5799865722656,269.5299987792969,274.3800048828125,272.52105712890625,11884600,0.0,0,-0.005509252247356211
2018-08-29,273.9200134277344,279.5,273.0799865722656,278.489990234375,276.7545166015625,10502700,0.15,0,0.01553443068677729
2018-08-30,277.2300109863281,281.7200012207031,276.32000732421875,277.80999755859375,276.0787353515625,8665200,0.0,0,-0.0024418074844752002
2018-08-31,277.0,281.20001220703125,276.6000061035156,280.67999267578125,278.93084716796875,7664800,0.0,0,0.010330791369260517
2018-09-04,280.1499938964844,285.2200012207031,279.0,283.70001220703125,281.9320068359375,9793000,0.0,0,0.010759511536425626
2018-09-05,282.989990234375,284.4200134277344,275.1499938964844,278.4200134277344,276.6849365234375,9828900,0.0,0,-0.018611119650396413
2018-09-06,277.760009765625,277.8599853515625,271.3900146484375,272.7200012207031,271.0204772949219,8069900,0.0,0,-0.02047259709794791
2018-09-07,269.0,276.92999267578125,267.19000244140625,271.8599853515625,270.16583251953125,7385500,0.0,0,-0.0031534324783164536
2018-09-10,272.7699890136719,275.92999267578125,271.0,274.7300109863281,273.0179138183594,5503500,0.0,0,0.010556780153248901
2018-09-11,272.8599853515625,276.3999938964844,272.0199890136719,272.79998779296875,271.0999450683594,6077800,0.0,0,-0.0070250655833375975
2018-09-12,271.19000244140625,271.9800109863281,261.9200134277344,268.20001220703125,266.5286560058594,10477300,0.0,0,-0.016862006598147183
2018-09-13,270.8599853515625,275.0,270.1600036621094,271.3399963378906,269.64910888671875,7638400,0.0,0,0.011707757535800445
2018-09-14,274.989990234375,279.1000061035156,273.5,276.42999267578125,274.70733642578125,9673400,0.0,0,0.018758554626588708
2018-09-17,275.3999938964844,277.3800048828125,273.1499938964844,273.92999267578125,272.2229309082031,5138200,0.0,0,-0.009043826604351879
2018-09-18,274.0899963378906,278.239990234375,270.75,271.0199890136719,269.3310546875,7488000,0.0,0,-0.0106231911141913
2018-09-19,270.2699890136719,272.70001220703125,268.25,271.9800109863281,270.2851257324219,5621500,0.0,0,0.0035423729581753882
2018-09-20,267.04998779296875,268.760009765625,264.1000061035156,266.2799987792969,264.62060546875,10764600,0.0,0,-0.020957573038183575
2018-09-21,266.760009765625,268.6000061035156,262.1099853515625,263.45001220703125,261.8082580566406,10878200,0.0,0,-0.010627847393545053
2018-09-24,262.20001220703125,265.8399963378906,258.67999267578125,265.70001220703125,264.044189453125,7347800,0.0,0,0.008540339457133062
2018-09-25,268.3699951171875,269.4200134277344,264.9100036621094,268.4100036621094,266.7373352050781,7009700,0.0,0,0.010199602413259123
2018-09-26,268.6099853515625,270.239990234375,266.2799987792969,266.9200134277344,265.2566223144531,6713700,0.0,0,-0.0055512022322881105
2018-09-27,268.3399963378906,269.20001220703125,266.1300048828125,267.3999938964844,265.7336120605469,5360700,0.0,0,0.0017982199348383077
2018-09-28,272.7300109863281,281.9200134277344,271.6000061035156,281.0199890136719,279.2687683105469,17734900,0.0,0,0.05093505539267662
2018-10-01,284.1600036621094,292.05999755859375,282.6000061035156,289.3599853515625,287.5567626953125,15551500,0.0,0,0.029677483933861826
2018-10-02,288.25,292.760009765625,285.5799865722656,286.4800109863281,284.6947326660156,9599100,0.0,0,-0.00995292199867126
2018-10-03,289.32000732421875,289.6199951171875,282.5299987792969,286.7300109863281,284.9431457519531,8013800,0.0,0,0.0008725594731284758
2018-10-04,285.2699890136719,286.25,276.17999267578125,279.2900085449219,277.5495300292969,9780500,0.0,0,-0.025947687575164524
2018-10-05,278.2900085449219,280.79998779296875,267.5400085449219,269.8599853515625,268.1782531738281,10665900,0.0,0,-0.033764340564653716
2018-10-08,266.5,271.1600036621094,260.0799865722656,265.7699890136719,264.1137390136719,10215300,0.0,0,-0.015156016985171883
2018-10-09,264.94000244140625,268.760009765625,262.79998779296875,265.5400085449219,263.88525390625,6837500,0.0,0,-0.0008651011805563824
2018-10-10,261.260009765625,263.1099853515625,245.60000610351562,245.69000244140625,244.158935546875,17123500,0.0,0,-0.07475339401262315
2018-10-11,242.1699981689453,247.55999755859375,234.25999450683594,235.1300048828125,233.66473388671875,18135900,0.0,0,-0.042981026423018265
2018-10-12,245.50999450683594,249.5399932861328,239.64999389648438,246.5399932861328,245.0036163330078,15205900,0.0,0,0.0485262891737277
2018-10-15,246.0,246.0,235.33999633789062,235.3800048828125,233.9131622314453,11244000,0.0,0,-0.04526649144022599
2018-10-16,239.92999267578125,246.27999877929688,237.94000244140625,245.8300018310547,244.2980499267578,10217800,0.0,0,0.04439633749654992
2018-10-17,248.33999633789062,249.8800048828125,241.0800018310547,243.05999755859375,241.54530334472656,8241700,0.0,0,-0.011267984262897435
2018-10-18,245.86000061035156,247.41000366210938,237.08999633789062,239.52999877929688,238.03732299804688,13100500,0.0,0,-0.014523074131866709
2018-10-19,241.75999450683594,242.5500030517578,227.6999969482422,229.1699981689453,227.7418670654297,15340200,0.0,0,-0.04325143554358346
2018-10-22,231.27999877929688,235.32000732421875,227.07000732421875,231.22000122070312,229.77911376953125,9221100,0.0,0,0.00894542022664746
2018-10-23,220.42999267578125,224.19000244140625,216.7100067138672,221.05999755859375,219.68240356445312,15660900,0.0,0,-0.0439409397984063
2018-10-24,219.50999450683594,221.38999938964844,198.85000610351562,199.41000366210938,198.1673126220703,22107200,0.0,0,-0.09793725211163962
2018-10-25,195.47000122070312,209.75,193.67999267578125,207.83999633789062,206.54478454589844,23793000,0.0,0,0.042274741545317296
2018-10-26,198.30999755859375,204.83999633789062,193.1199951171875,198.2899932861328,197.0542755126953,16619600,0.0,0,-0.045948916376991056
2018-10-29,203.99000549316406,204.1300048828125,176.00999450683594,185.6199951171875,184.46327209472656,18950400,0.0,0,-0.06389611890028524
2018-10-30,186.5500030517578,203.39999389648438,185.6199951171875,203.0,201.7349395751953,20179800,0.0,0,0.09363201294401469
2018-10-31,209.64999389648438,212.58999633789062,204.00999450683594,210.8300018310547,209.51617431640625,18644300,0.0,0,0.038571576929590456
2018-11-01,212.3000030517578,218.49000549316406,207.19000244140625,218.11000061035156,216.75076293945312,14163200,0.0,0,0.034529976726862976
2018-11-02,217.72999572753906,222.0,210.2100067138672,214.9199981689453,213.58067321777344,11324000,0.0,0,-0.014625506635772334
2018-11-05,214.38999938964844,215.3300018310547,205.27999877929688,211.77000427246094,210.4503173828125,9483300,0.0,0,-0.014656550088542608
2018-11-06,211.4499969482422,214.85000610351562,209.55999755859375,211.05999755859375,209.74473571777344,7475300,0.0,0,-0.0033527232166421506
2018-11-07,213.75,217.41000366210938,211.17999267578125,213.7899932861328,212.4577178955078,12095300,0.0,0,0.012934685432986814
2018-11-08,211.39999389648438,211.42999267578125,203.8300018310547,205.99000549316406,204.70632934570312,12783800,0.0,0,-0.03648438205298343
2018-11-09,202.39999389648438,209.32000732421875,201.0399932861328,205.6699981689453,204.38832092285156,10331000,0.0,0,-0.001553486029806761
2018-11-12,201.97999572753906,202.8699951171875,188.66000366210938,189.5399932861328,188.3588409423828,15427900,0.0,0,-0.07842659457298073
2018-11-13,193.49000549316406,204.2100067138672,193.24000549316406,199.30999755859375,198.06796264648438,16117800,0.0,0,0.05154587730273574
2018-11-14,206.3000030517578,206.8800048828125,192.8300018310547,197.19000244140625,195.96116638183594,13164500,0.0,0,-0.010636734161842631
2018-11-15,196.9499969482422,205.3000030517578,195.5,202.38999938964844,201.12875366210938,21017700,0.0,0,0.026370466024907335
2018-11-16,163.32000732421875,170.66000366210938,161.61000061035156,164.42999267578125,163.40530395507812,49088000,0.0,0,-0.18755871062774832
2018-11-19,161.7899932861328,161.82000732421875,144.6300048828125,144.6999969482422,143.7982635498047,42445500,0.0,0,-0.11999023245086116
2018-11-20,134.05999755859375,154.25999450683594,133.30999755859375,149.0800018310547,148.15097045898438,42300800,0.0,0,0.030269537348565523
2018-11-21,154.6199951171875,155.3000030517578,143.61000061035156,144.7100067138672,143.8082275390625,25637400,0.0,0,-0.029312956280122093
2018-11-23,143.30999755859375,149.58999633789062,142.7899932861328,145.0,144.0963897705078,10299200,0.0,0,0.002003795167887956
2018-11-26,149.88999938964844,153.47000122070312,146.55999755859375,153.0500030517578,152.09622192382812,20370800,0.0,0,0.05551722819746607
2018-11-27,152.0,157.00999450683594,150.5500030517578,153.72999572753906,152.77198791503906,18451500,0.0,0,0.004443016287080326
2018-11-28,158.47999572753906,160.27999877929688,153.1300048828125,160.07000732421875,159.07249450683594,20113100,0.0,0,0.04124124244099492
2018-11-29,160.0,161.5,156.13999938964844,157.36000061035156,156.53582763671875,13729300,0.16,0,-0.015946608984673816
2018-11-30,157.75,163.86000061035156,155.72000122070312,163.42999267578125,162.57406616210938,18239100,0.0,0,0.03857416296672933
2018-12-03,172.60000610351562,174.67999267578125,167.33999633789062,170.0399932861328,169.14942932128906,22270100,0.0,0,0.040445338634903294
2018-12-04,168.24000549316406,168.44000244140625,156.5,157.11000061035156,156.2871551513672,20302800,0.0,0,-0.07604089603808695
2018-12-06,151.44000244140625,158.49000549316406,150.80999755859375,158.2899932861328,157.46096801757812,17307700,0.0,0,0.007510616371985801
2018-12-07,158.4600067138672,158.8699951171875,145.6199951171875,147.61000061035156,146.8369140625,17041900,0.0,0,-0.06747103163935908
2018-12-10,145.8000030517578,152.86000061035156,145.64999389648438,151.86000061035156,151.0646514892578,15736800,0.0,0,0.028792061272537417
2018-12-11,155.55999755859375,155.88999938964844,145.0,148.19000244140625,147.4138641357422,16797800,0.0,0,-0.024167052434336256
2018-12-12,148.4199981689453,152.77999877929688,144.82000732421875,148.89999389648438,148.12014770507812,16353400,0.0,0,0.0047911610856734566
2018-12-13,150.7899932861328,153.3800048828125,147.44000244140625,148.88999938964844,148.1101837158203,11784600,0.0,0,-6.726964165371108e-05
2018-12-14,147.2100067138672,150.58999633789062,145.5,146.4499969482422,145.6829833984375,11795500,0.0,0,-0.01638780167905196
2018-12-17,145.24000549316406,148.14999389648438,141.24000549316406,143.5800018310547,142.8280029296875,16571700,0.0,0,-0.019597213086594567
2018-12-18,145.35000610351562,150.3300018310547,144.25,146.94000244140625,146.17041015625,14109300,0.0,0,0.02340162403732493
2018-12-19,145.5800018310547,147.74000549316406,136.42999267578125,138.50999450683594,137.78456115722656,18634100,0.0,0,-0.05737035963748971
2018-12-20,138.1699981689453,141.8000030517578,132.69000244140625,135.10000610351562,134.39244079589844,18739700,0.0,0,-0.02461901633128083
2018-12-21,136.1699981689453,137.5,128.4600067138672,129.57000732421875,128.89141845703125,21593500,0.0,0,-0.04093252794791924
2018-12-24,126.48999786376953,129.97999572753906,124.5,127.08000183105469,126.41443634033203,11596000,0.0,0,-0.019217587534929415
2018-12-26,128.94000244140625,133.13999938964844,124.45999908447266,133.10000610351562,132.40292358398438,17377500,0.0,0,0.04737186208330013
2018-12-27,130.99000549316406,132.3800048828125,125.18000030517578,131.1699981689453,130.48300170898438,15926100,0.0,0,-0.014500600311761036
2018-12-28,132.0,137.38999938964844,130.30999755859375,133.64999389648438,132.9500274658203,15718200,0.0,0,0.018906874646692495
2018-12-31,135.39999389648438,136.7100067138672,132.25999450683594,133.5,132.80081176757812,11628500,0.0,0,-0.001122344245325979
2019-01-02,130.63999938964844,138.47999572753906,130.0500030517578,136.22000122070312,135.50656127929688,12718800,0.0,0,0.020374495273825843
2019-01-03,133.7899932861328,135.16000366210938,127.69000244140625,127.98999786376953,127.31965637207031,17638800,0.0,0,-0.060417036857368656
2019-01-04,130.94000244140625,137.72999572753906,129.6999969482422,136.19000244140625,135.47671508789062,14640500,0.0,0,0.06406755208310244
2019-01-07,138.5,144.88999938964844,136.42999267578125,143.39999389648438,142.64894104003906,17729000,0.0,0,0.05294065439581597
2019-01-08,146.69000244140625,146.77999877929688,136.89999389648438,139.8300018310547,139.09765625,19650400,0.0,0,-0.024895276222501206
2019-01-09,141.89999389648438,144.49000549316406,139.86000061035156,142.5800018310547,141.833251953125,15431500,0.0,0,0.01966672751270737
2019-01-10,141.8000030517578,145.5800018310547,139.36000061035156,145.22999572753906,144.46939086914062,13078900,0.0,0,0.01858618398516909
2019-01-11,144.3300018310547,149.75,143.2100067138672,148.8300018310547,148.05050659179688,21869100,0.0,0,0.02478805857152122
2019-01-14,146.72000122070312,151.4600067138672,145.77000427246094,150.44000244140625,149.65206909179688,18254200,0.0,0,0.010817676594756964
2019-01-15,151.75999450683594,153.35000610351562,149.1300048828125,149.8699951171875,149.08506774902344,15425300,0.0,0,-0.003788797216199069
2019-01-16,150.97000122070312,152.3000030517578,148.6199951171875,148.83999633789062,148.06048583984375,11752600,0.0,0,-0.00687246499364047
2019-01-17,147.50999450683594,153.3300018310547,146.41000366210938,151.72000122070312,150.92539978027344,12335900,0.0,0,0.019349618665500223
2019-01-18,153.72999572753906,157.97999572753906,151.64999389648438,156.92999267578125,156.10809326171875,16283400,0.0,0,0.034339438484116025
2019-01-22,155.7100067138672,156.17999267578125,147.5500030517578,148.77000427246094,147.99082946777344,16538800,0.0,0,-0.051997712766477355
2019-01-23,151.0,154.5800018310547,148.02999877929688,149.2899932861328,148.50807189941406,14775500,0.0,0,0.0034950978618122353
2019-01-24,152.6999969482422,158.5500030517578,152.50999450683594,157.83999633789062,157.0133056640625,17724300,0.0,0,0.05727118839984069
2019-01-25,155.44000244140625,160.8800048828125,151.3000030517578,160.14999389648438,159.31121826171875,28864300,0.0,0,0.014635145651749726
2019-01-28,136.5500030517578,141.63999938964844,131.0,138.00999450683594,137.28720092773438,62788200,0.0,0,-0.13824523830960234
2019-01-29,136.14999389648438,138.10000610351562,131.00999450683594,131.60000610351562,130.91078186035156,28848300,0.0,0,-0.046445837807846724
2019-01-30,134.6699981689453,137.97000122070312,131.4600067138672,137.38999938964844,136.67044067382812,24355700,0.0,0,0.04399682540755623
2019-01-31,137.25999450683594,145.19000244140625,136.3800048828125,143.75,142.9971160888672,21071300,0.0,0,0.04629146861491451
2019-02-01,144.5,146.7899932861328,142.5800018310547,144.72999572753906,143.97198486328125,15626200,0.0,0,0.006817401644717114
2019-02-04,145.3699951171875,150.67999267578125,144.47999572753906,149.17999267578125,148.39866638183594,13214800,0.0,0,0.030746825660272314
2019-02-05,149.66000366210938,151.42999267578125,148.3000030517578,149.9499969482422,149.16464233398438,13560600,0.0,0,0.005161609405421208
2019-02-06,151.2899932861328,155.60000610351562,151.07000732421875,153.0,152.19866943359375,17561600,0.0,0,0.020340122512519265
2019-02-07,151.1300048828125,151.22000122070312,145.69000244140625,147.4199981689453,146.6479034423828,15928000,0.0,0,-0.036470529025438125
2019-02-08,144.7100067138672,148.60000610351562,144.1300048828125,148.1699981689453,147.39398193359375,11540100,0.0,0,0.005087549659406276
2019-02-11,146.38999938964844,148.5800018310547,144.5,146.4499969482422,145.6829833984375,12379500,0.0,0,-0.01160833375087944
2019-02-12,148.0,151.8000030517578,147.4199981689453,151.1699981689453,150.3782501220703,14776500,0.0,0,0.032229342192913624
2019-02-13,152.36000061035156,155.8300018310547,151.80999755859375,152.8800048828125,152.07933044433594,15134300,0.0,0,0.011312010353124569
2019-02-14,152.83999633789062,155.6699981689453,151.10000610351562,154.52999877929688,153.7206573486328,20681600,0.0,0,0.010792570558414205
2019-02-15,162.9499969482422,163.8699951171875,156.4199981689453,157.33999633789062,156.51596069335938,37918700,0.0,0,0.01818430517368208
2019-02-19,156.91000366210938,159.88999938964844,156.13999938964844,156.63999938964844,155.8196258544922,13797300,0.0,0,-0.004448970161141763
2019-02-20,157.82000732421875,161.25999450683594,157.3699951171875,158.5500030517578,157.7196044921875,13524700,0.0,0,0.012193448850079669
2019-02-21,159.05999755859375,160.0500030517578,155.17999267578125,155.77000427246094,154.9541778564453,11213700,0.0,0,-0.017533816703675376
2019-02-22,157.86000061035156,159.9499969482422,157.30999755859375,159.19000244140625,158.3562774658203,10043500,0.0,0,0.021955520376655047
2019-02-25,162.55999755859375,165.27999877929688,158.33999633789062,158.69000244140625,157.85888671875,16400500,0.0,0,-0.003140960087153255
2019-02-26,158.5,160.75999450683594,155.75,157.10000610351562,156.27720642089844,12211600,0.0,0,-0.010019583507323016
2019-02-27,156.52000427246094,157.58999633789062,153.11000061035156,155.41000366210938,154.59605407714844,12506400,0.0,0,-0.010757501892004528
2019-02-28,155.0,155.89999389648438,153.36000061035156,154.25999450683594,153.6102294921875,8123600,0.16,0,-0.006376777148975443
2019-03-01,156.27000427246094,158.14999389648438,153.9199981689453,156.4499969482422,155.79100036621094,8929700,0.0,0,0.014196781563524441
2019-03-04,158.0,158.9199981689453,154.5,156.77999877929688,156.11961364746094,10249800,0.0,0,0.002109321337417036
2019-03-05,156.14999389648438,158.05999755859375,153.9600067138672,156.52000427246094,155.8607177734375,9073100,0.0,0,-0.001658317414287569
2019-03-06,156.16000366210938,156.5,151.94000244140625,152.0500030517578,151.40953063964844,10088100,0.0,0,-0.028558749102255532
2019-03-07,151.10000610351562,151.49000549316406,147.39999389648438,149.25999450683594,148.6312713623047,11252600,0.0,0,-0.018349302488467223
2019-03-08,145.66000366210938,151.07000732421875,144.8000030517578,150.63999938964844,150.00546264648438,10560400,0.0,0,0.00924564037960729
2019-03-11,151.58999633789062,162.05999755859375,149.69000244140625,161.13999938964844,160.4612579345703,21493200,0.0,0,0.06970276351019922
2019-03-12,162.25999450683594,164.38999938964844,159.19000244140625,162.52000427246094,161.83543395996094,14489400,0.0,0,0.008563911582638584
2019-03-13,164.02999877929688,169.8000030517578,163.72999572753906,168.6199951171875,167.9097442626953,19222500,0.0,0,0.03753387100773731
2019-03-14,168.99000549316406,169.47000122070312,165.25,165.55999755859375,164.8626251220703,12984600,0.0,0,-0.01814736335883982
2019-03-15,167.3000030517578,171.52999877929688,167.16000366210938,169.80999755859375,169.0947265625,16537100,0.0,0,0.02567047223284291
2019-03-18,171.0800018310547,173.25,167.86000061035156,168.9499969482422,168.2383575439453,12174800,0.0,0,-0.005064433622287812
2019-03-19,172.75999450683594,177.5,172.0800018310547,175.7100067138672,174.96986389160156,21374300,0.0,0,0.0400117217377014
2019-03-20,176.8800048828125,179.02999877929688,173.0,174.39999389648438,173.6654052734375,17978700,0.0,0,-0.007455333102231898
2019-03-21,175.3300018310547,185.0,175.1300048828125,183.94000244140625,183.1652069091797,20607800,0.0,0,0.05470175030418223
2019-03-22,182.83999633789062,184.8000030517578,176.94000244140625,177.5,176.7523193359375,18691100,0.0,0,-0.0350114941666948
2019-03-25,175.86000061035156,178.4499969482422,171.11000061035156,173.77999877929688,173.04798889160156,13130300,0.0,0,-0.020957747305682894
2019-03-26,179.49000549316406,181.75,174.60000610351562,176.8699951171875,176.12496948242188,17587700,0.0,0,0.017781082637994494
2019-03-27,177.89999389648438,179.77000427246094,173.6999969482422,176.5,175.7565460205078,11859300,0.0,0,-0.002091829812642443
2019-03-28,177.5500030517578,179.89999389648438,175.11000061035156,177.25,176.50338745117188,12006600,0.0,0,0.004249295104928441
2019-03-29,179.94000244140625,180.5399932861328,177.91000366210938,179.55999755859375,178.80364990234375,11422400,0.0,0,0.013032398326112693
2019-04-01,183.25999450683594,183.5,180.3699951171875,182.27999877929688,181.51219177246094,12095600,0.0,0,0.015148135239948957
2019-04-02,183.25,184.7899932861328,181.52000427246094,183.0,182.22915649414062,11023000,0.0,0,0.0039499535247662365
2019-04-03,185.0,191.0,184.8000030517578,188.6199951171875,187.82550048828125,19719500,0.0,0,0.030710475215971034
2019-04-04,188.0,189.97000122070312,185.72999572753906,188.25999450683594,187.46701049804688,11434400,0.0,0,-0.001908633222338918
2019-04-05,190.0,191.64999389648438,188.52999877929688,190.9499969482422,190.1456756591797,12043600,0.0,0,0.014288728208853074
2019-04-08,189.72000122070312,192.8000030517578,188.75,191.7899932861328,190.98214721679688,10604800,0.0,0,0.004399109023738745
2019-04-09,190.44000244140625,190.88999938964844,187.55999755859375,189.25999450683594,188.46278381347656,10999300,0.0,0,-0.013191617331961503
2019-04-10,189.22999572753906,193.13999938964844,189.0500030517578,192.10000610351562,191.29086303710938,11119300,0.0,0,0.015006035496280212
2019-04-11,192.1999969482422,193.47000122070312,189.5500030517578,191.5399932861328,190.7332000732422,9365000,0.0,0,-0.002915261894965715
2019-04-12,193.10000610351562,193.25999450683594,189.66000366210938,190.00999450683594,189.20962524414062,11792700,0.0,0,-0.007987989655269812
2019-04-15,189.6999969482422,189.89999389648438,183.10000610351562,184.6999969482422,183.92198181152344,11002300,0.0,0,-0.027945953731447037
2019-04-16,186.27999877929688,188.97000122070312,184.9600067138672,188.2100067138672,187.417236328125,9874100,0.0,0,0.019004006384529815
2019-04-17,189.6199951171875,190.4600067138672,186.38999938964844,187.2899932861328,186.5010986328125,8775100,0.0,0,-0.004888225401576962
2019-04-18,187.55999755859375,188.92999267578125,185.17999267578125,186.3000030517578,185.51527404785156,9524700,0.0,0,-0.005285891569474566
2019-04-22,185.35000610351562,189.10000610351562,184.0800018310547,188.47000122070312,187.67613220214844,6998400,0.0,0,0.011647871936083742
2019-04-23,189.0,191.92999267578125,188.61000061035156,190.6699981689453,189.86685180664062,8671400,0.0,0,0.011672872723807792
2019-04-24,191.08999633789062,192.80999755859375,188.63999938964844,191.1699981689453,190.36476135253906,7955100,0.0,0,0.0026224142927566696
2019-04-25,189.5500030517578,190.4499969482422,183.6999969482422,186.91000366210938,186.12269592285156,12482400,0.0,0,-0.022283879640053517
2019-04-26,180.7100067138672,180.88999938964844,173.3000030517578,178.08999633789062,177.33982849121094,21724700,0.0,0,-0.04718858916207158
2019-04-29,178.41000366210938,180.4499969482422,175.5,179.3300018310547,178.5746307373047,9798000,0.0,0,0.006962915531154579
2019-04-30,178.02999877929688,182.02999877929688,177.25999450683594,181.0,180.2375946044922,9073000,0.0,0,0.009312430664542903
2019-05-01,183.11000061035156,184.80999755859375,180.4600067138672,180.47000122070312,179.70982360839844,8857000,0.0,0,-0.0029281959585172324
2019-05-02,180.86000061035156,184.8699951171875,179.1199951171875,183.19000244140625,182.41836547851562,9867100,0.0,0,0.01507175187050036
2019-05-03,183.52999877929688,183.92999267578125,180.52999877929688,183.00999450683594,182.23912048339844,8420600,0.0,0,-0.0009826038877555066
2019-05-06,175.5,180.33999633789062,174.0,179.85000610351562,179.09243774414062,10554400,0.0,0,-0.01726677966240775
2019-05-07,177.89999389648438,177.89999389648438,171.1699981689453,173.11000061035156,172.3808135986328,13880500,0.0,0,-0.03747575402986214
2019-05-08,172.0,177.14999389648438,171.52000427246094,173.9199981689453,173.18740844726562,10479200,0.0,0,0.0046791451542331775
2019-05-09,171.13999938964844,171.52999877929688,165.39999389648438,170.19000244140625,169.47312927246094,16506200,0.0,0,-0.021446589033842223
2019-05-10,168.9499969482422,171.58999633789062,164.0,168.82000732421875,168.10890197753906,14237500,0.0,0,-0.008049814745136441
2019-05-13,163.5,164.42999267578125,157.80999755859375,158.4499969482422,157.78257751464844,16422800,0.0,0,-0.06142639884870771
2019-05-14,160.0500030517578,163.4600067138672,158.49000549316406,162.0399932861328,161.3574676513672,13122000,0.0,0,0.022657065140077703
2019-05-15,159.8000030517578,161.0500030517578,157.41000366210938,159.5800018310547,158.90782165527344,12558000,0.0,0,-0.015181485132045536
2019-05-16,159.36000061035156,161.91000366210938,157.64999389648438,160.19000244140625,159.51524353027344,19527200,0.0,0,0.003822479401408563
2019-05-17,158.5,163.7100067138672,154.94000244140625,156.52999877929688,155.87066650390625,25551700,0.0,0,-0.022847829120954843
2019-05-20,152.5500030517578,154.77000427246094,150.75,151.75,151.11080932617188,14301600,0.0,0,-0.030537222201555747
2019-05-21,154.1999969482422,155.6999969482422,152.63999938964844,155.05999755859375,154.4068603515625,9046200,0.0,0,0.02181214593508085
2019-05-22,153.5,154.5500030517578,151.75999450683594,152.1999969482422,151.5588836669922,8146700,0.0,0,-0.01844462531059743
2019-05-23,149.69000244140625,149.69000244140625,144.91000366210938,147.32000732421875,146.699462890625,14796100,0.0,0,-0.03206292273202793
2019-05-24,148.0800018310547,149.5,144.8800048828125,145.14999389648438,144.53858947753906,8939600,0.0,0,-0.014729934046841198
2019-05-28,145.86000061035156,147.17999267578125,143.25,143.3300018310547,142.7262725830078,10708900,0.0,0,-0.012538636920992552
2019-05-29,141.41000366210938,142.82000732421875,138.94000244140625,140.33999633789062,139.74884033203125,13995000,0.0,0,-0.020861136475381015
2019-05-30,140.30999755859375,141.75,137.57000732421875,139.11000061035156,138.68214416503906,9857500,0.16,0,-0.007632951833144386
2019-05-31,137.13999938964844,139.85000610351562,135.38999938964844,135.4600067138672,135.04339599609375,9743000,0.0,0,-0.02623804377162653
2019-06-03,135.91000366210938,137.47000122070312,132.60000610351562,133.77999877929688,133.36854553222656,11966100,0.0,0,-0.012402312986231734
2019-06-04,136.36000061035156,143.2100067138672,135.47000122070312,143.0,142.56019592285156,16045900,0.0,0,0.06891917696143701
2019-06-05,145.97000122070312,146.19000244140625,139.82000732421875,141.27999877929688,140.84548950195312,12790400,0.0,0,-0.012027946579326931
2019-06-06,141.4499969482422,144.77000427246094,141.35000610351562,143.77999877929688,143.33779907226562,10203500,0.0,0,0.017695345297358278
2019-06-07,144.02000427246094,146.8800048828125,143.25,145.5,145.05250549316406,8721400,0.0,0,0.011962695339237994
2019-06-10,147.75999450683594,151.19000244140625,147.75999450683594,148.42999267578125,147.97348022460938,10069500,0.0,0,0.020137361443804735
2019-06-11,150.83999633789062,152.36000061035156,149.16000366210938,150.75,150.28634643554688,9596800,0.0,0,0.01563027515083637
2019-06-12,149.0,149.25,145.58999633789062,146.1999969482422,145.75033569335938,8950400,0.0,0,-0.03018245402707198
2019-06-13,147.08999633789062,149.0,146.3800048828125,148.25999450683594,147.8040008544922,7702000,0.0,0,0.01409029455310118
2019-06-14,144.50999450683594,145.49000549316406,142.83999633789062,144.63999938964844,144.19512939453125,9860700,0.0,0,-0.02441660198030593
2019-06-17,144.57000732421875,146.52000427246094,143.64999389648438,145.02999877929688,144.5839385986328,6901000,0.0,0,0.002696410105765379
2019-06-18,147.5,155.11000061035156,147.05999755859375,152.8800048828125,152.40982055664062,14548000,0.0,0,0.05412691087170196
2019-06-19,154.3000030517578,154.75999450683594,152.07000732421875,153.1199951171875,152.64907836914062,8291100,0.0,0,0.0015698319939370098
2019-06-20,156.77000427246094,157.3300018310547,153.52000427246094,154.10000610351562,153.6260528564453,8754200,0.0,0,0.0064001335464478615
2019-06-21,153.5,155.47999572753906,151.5,151.75999450683594,151.29324340820312,10860700,0.0,0,-0.015184985911354865
2019-06-24,152.6199951171875,153.85000610351562,150.72000122070312,152.66000366210938,152.1904754638672,7073700,0.0,0,0.0059304172179273085
2019-06-25,152.86000061035156,155.8800048828125,151.3699951171875,151.47999572753906,151.01409912109375,7796700,0.0,0,-0.007729631826091099
2019-06-26,156.61000061035156,161.72000122070312,156.08999633789062,159.25999450683594,158.77017211914062,14601800,0.0,0,0.05135992627964825
2019-06-27,162.7100067138672,164.0,161.25999450683594,163.22999572753906,162.7279815673828,11136000,0.0,0,0.024927915586513638
2019-06-28,165.0,165.3699951171875,162.35000610351562,164.22999572753906,163.72488403320312,9941700,0.0,0,0.006126189584718222
2019-07-01,172.57000732421875,173.9499969482422,164.66000366210938,166.1699981689453,165.65892028808594,17788300,0.0,0,0.011812720261207277
2019-07-02,165.5,166.35000610351562,161.6999969482422,162.22999572753906,161.7310333251953,10005700,0.0,0,-0.023710687936755237
2019-07-03,163.1699981689453,163.39999389648438,160.33999633789062,162.75,162.24945068359375,6165900,0.0,0,0.0032054290864267365
2019-07-05,160.39999389648438,160.5800018310547,157.67999267578125,160.22999572753906,159.73721313476562,9913800,0.0,0,-0.015483796945034323
2019-07-08,157.8300018310547,158.58999633789062,156.0,157.2100067138672,156.7265167236328,8244700,0.0,0,-0.01884780854786028
2019-07-09,155.50999450683594,158.44000244140625,155.0,157.30999755859375,156.82620239257812,8571500,0.0,0,0.0006360485196075238
2019-07-10,159.05999755859375,162.3699951171875,158.5,160.05999755859375,159.56773376464844,11301900,0.0,0,0.017481334944319693
2019-07-11,163.0,167.9199981689453,161.5,166.27999877929688,165.76858520507812,17064000,0.0,0,0.038860308999409066
2019-07-12,167.39999389648438,170.47000122070312,167.39999389648438,167.61000061035156,167.09451293945312,12659800,0.0,0,0.007998667134274218
2019-07-15,168.4600067138672,169.11000061035156,166.1300048828125,167.27000427246094,166.75555419921875,7246000,0.0,0,-0.002028545008878835
2019-07-16,166.6699981689453,168.1699981689453,164.83999633789062,167.0800018310547,166.5661163330078,8536100,0.0,0,-0.0011360213284687948
2019-07-17,167.14999389648438,169.99000549316406,165.97000122070312,169.7100067138672,169.18804931640625,8705100,0.0,0,0.015741094534236
2019-07-18,170.1300048828125,172.7100067138672,167.85000610351562,170.17999267578125,169.65660095214844,11079500,0.0,0,0.002769413310427904
2019-07-19,171.72000122070312,171.97999572753906,168.1999969482422,168.44000244140625,167.9219512939453,8622400,0.0,0,-0.010224474900875746
2019-07-22,169.3000030517578,171.83999633789062,169.0,171.32000732421875,170.7930908203125,7898500,0.0,0,0.017098059570194613
2019-07-23,172.89999389648438,175.74000549316406,172.27000427246094,175.66000366210938,175.11973571777344,10704400,0.0,0,0.02533266935260814
2019-07-24,177.39999389648438,178.88999938964844,174.33999633789062,178.66000366210938,178.1105194091797,9155900,0.0,0,0.017078507337552562
2019-07-25,176.99000549316406,177.5,172.44000244140625,173.3800048828125,172.8467559814453,9817500,0.0,0,-0.029553355103309475
2019-07-26,174.47000122070312,176.9499969482422,174.47000122070312,175.07000732421875,174.5315704345703,6854000,0.0,0,0.00974744619046164
2019-07-29,174.77999877929688,175.47000122070312,171.27000427246094,174.82000732421875,174.2823486328125,6204000,0.0,0,-0.0014279468243898474
2019-07-30,172.9499969482422,175.94000244140625,172.3699951171875,175.4499969482422,174.91038513183594,4944300,0.0,0,0.0036035576978976636
2019-07-31,174.17999267578125,174.22000122070312,167.02000427246094,168.72000122070312,168.20106506347656,8985400,0.0,0,-0.038358614688901005
2019-08-01,169.13999938964844,172.77999877929688,162.82000732421875,164.9199981689453,164.41278076171875,10530300,0.0,0,-0.022522356207008376
2019-08-02,161.19000244140625,163.97999572753906,159.27999877929688,161.19000244140625,160.6942596435547,10708700,0.0,0,-0.02261698330833095
2019-08-05,153.8000030517578,153.85000610351562,148.89999389648438,150.7899932861328,150.3262176513672,14728900,0.0,0,-0.06452030094407513
2019-08-06,153.8000030517578,155.6300048828125,150.42999267578125,152.35000610351562,151.88145446777344,9031800,0.0,0,0.010345745676999085
2019-08-07,149.89999389648438,154.3699951171875,149.1999969482422,153.88999938964844,153.4167022705078,9314000,0.0,0,0.010108197923928364
2019-08-08,156.2100067138672,158.30999755859375,153.89999389648438,158.25999450683594,157.7732391357422,7732500,0.0,0,0.028396757333193356
2019-08-09,156.61000061035156,156.75,152.14999389648438,154.17999267578125,153.70579528808594,8545400,0.0,0,-0.025780315279936517
2019-08-12,152.0800018310547,154.17999267578125,150.57000732421875,151.4499969482422,150.9842071533203,6980000,0.0,0,-0.017706477037281787
2019-08-13,151.38999938964844,157.89999389648438,149.82000732421875,156.0500030517578,155.57005310058594,8798900,0.0,0,0.030373017375312727
2019-08-14,152.5,152.9499969482422,148.30999755859375,150.07000732421875,149.60845947265625,10497000,0.0,0,-0.038320959009219724
2019-08-15,150.8300018310547,151.6300048828125,147.38999938964844,148.77000427246094,148.31243896484375,11930000,0.0,0,-0.008662748833727307
2019-08-16,159.35000610351562,161.5399932861328,156.8800048828125,159.55999755859375,159.06927490234375,25199000,0.0,0,0.07252821147422317
2019-08-19,164.1199951171875,171.4199981689453,163.47000122070312,170.77999877929688,170.25474548339844,20377800,0.0,0,0.07031823454228792
2019-08-20,170.55999755859375,170.5800018310547,167.02000427246094,167.8699951171875,167.3536834716797,11579700,0.0,0,-0.017039536862728077
2019-08-21,170.52999877929688,173.4499969482422,169.66000366210938,171.22999572753906,170.703369140625,10681100,0.0,0,0.020015607660719192
2019-08-22,171.6199951171875,173.3300018310547,169.89999389648438,171.47999572753906,170.9525909423828,7587200,0.0,0,0.0014599700229260826
2019-08-23,168.39999389648438,170.58999633789062,161.63999938964844,162.44000244140625,161.94041442871094,14201400,0.0,0,-0.05271740231599831
2019-08-26,165.61000061035156,166.5800018310547,163.91000366210938,165.4499969482422,164.94113159179688,7955200,0.0,0,0.01852976092269354
2019-08-27,166.99000549316406,167.10000610351562,160.6199951171875,161.8000030517578,161.30238342285156,7274200,0.0,0,-0.022060890051067705
2019-08-28,160.5800018310547,163.33999633789062,159.0,161.22000122070312,160.8832550048828,6390300,0.16,0,-0.0025984018901320516
2019-08-29,164.89999389648438,168.3000030517578,164.75999450683594,167.0,166.65118408203125,8949400,0.0,0,0.03585164333586732
2019-08-30,168.86000061035156,170.86000061035156,166.77999877929688,167.50999450683594,167.1601104736328,7265400,0.0,0,0.0030538420378163345
2019-09-03,164.5800018310547,165.91000366210938,163.25,164.1699981689453,163.8270721435547,7403500,0.0,0,-0.019939196741580623
2019-09-04,166.61000061035156,169.05999755859375,166.61000061035156,168.75999450683594,168.40748596191406,5693200,0.0,0,0.027958833411523942
2019-09-05,172.8699951171875,179.99000549316406,172.8000030517578,179.74000549316406,179.3645782470703,17391900,0.0,0,0.06506297640257053
2019-09-06,178.8000030517578,181.08999633789062,177.1199951171875,178.64999389648438,178.27684020996094,9424400,0.0,0,-0.00606439714987117
2019-09-09,179.89999389648438,183.97999572753906,179.83999633789062,180.5,180.12298583984375,10438100,0.0,0,0.010355498940347818
2019-09-10,179.17999267578125,184.25,178.7899932861328,183.17999267578125,182.79737854003906,8820300,0.0,0,0.014847592536430865
2019-09-11,183.77000427246094,186.27000427246094,182.60000610351562,184.3300018310547,183.9449920654297,9037800,0.0,0,0.006278063364783204
2019-09-12,186.1999969482422,188.39999389648438,183.9499969482422,184.27000427246094,183.88511657714844,8196000,0.0,0,-0.00032550757489469007
2019-09-13,181.58999633789062,183.0800018310547,180.17999267578125,181.94000244140625,181.5599822998047,8114800,0.0,0,-0.012644494131031192
2019-09-16,178.9199981689453,181.60000610351562,178.5,180.2100067138672,179.83358764648438,5795800,0.0,0,-0.009508673835788128
2019-09-17,180.47999572753906,181.24000549316406,178.61000061035156,181.07000732421875,180.69180297851562,5576200,0.0,0,0.00477227498635191
2019-09-18,180.7899932861328,181.4199981689453,176.5,179.97999572753906,179.6040496826172,6453800,0.0,0,-0.006019937141408471
2019-09-19,180.22000122070312,180.9600067138672,176.50999450683594,176.94000244140625,176.57040405273438,6136900,0.0,0,-0.016890741802557563
2019-09-20,176.89999389648438,177.85000610351562,172.27999877929688,172.69000244140625,172.32931518554688,8756100,0.0,0,-0.024019251074041015
2019-09-23,172.6999969482422,176.6699981689453,172.5500030517578,174.83999633789062,174.4748077392578,6242800,0.0,0,0.01244995694087736
2019-09-24,176.10000610351562,177.2899932861328,171.10000610351562,172.52999877929688,172.1696319580078,7931700,0.0,0,-0.013212083802350172
2019-09-25,172.50999450683594,179.02000427246094,170.7100067138672,178.22999572753906,177.85772705078125,7710800,0.0,0,0.03303773742259475
2019-09-26,177.83999633789062,178.19000244140625,175.2899932861328,177.33999633789062,176.96957397460938,5864100,0.0,0,-0.004993615351433611
2019-09-27,175.66000366210938,177.6999969482422,169.32000732421875,171.75999450683594,171.4012451171875,9051400,0.0,0,-0.03146489383661388
2019-09-30,172.8000030517578,174.47999572753906,171.5399932861328,174.07000732421875,173.7064208984375,4654600,0.0,0,0.013449002541807253
2019-10-01,175.0,181.0,173.80999755859375,174.0,173.6365509033203,9150200,0.0,0,-0.00040223035369568727
2019-10-02,173.1199951171875,173.60000610351562,170.1300048828125,173.0399932861328,172.67855834960938,7334300,0.0,0,-0.0055172286521881775
2019-10-03,173.22000122070312,181.55999755859375,172.0,181.30999755859375,180.93128967285156,11264700,0.0,0,0.04779244975240937
2019-10-04,181.39999389648438,183.14999389648438,178.77999877929688,181.97000122070312,181.5899200439453,6638100,0.0,0,0.0036402237130164217
2019-10-07,184.5800018310547,188.33999633789062,184.22999572753906,184.3300018310547,183.9449920654297,12024600,0.0,0,0.012969178140033621
2019-10-08,180.63999938964844,180.63999938964844,176.5,177.22999572753906,176.85980224609375,11110900,0.0,0,-0.038517981597540385
2019-10-09,180.32000732421875,182.6999969482422,179.16000366210938,180.7100067138672,180.33255004882812,7310300,0.0,0,0.01963559700186801
2019-10-10,180.6199951171875,185.0800018310547,180.41000366210938,183.02999877929688,182.64768981933594,7728100,0.0,0,0.012838169093050356
2019-10-11,186.41000366210938,189.33999633789062,185.64999389648438,185.99000549316406,185.6015167236328,11160100,0.0,0,0.016172265344382986
2019-10-14,185.63999938964844,187.3699951171875,184.38999938964844,186.52999877929688,186.140380859375,5001000,0.0,0,0.002903339074241451
2019-10-15,190.16000366210938,199.2899932861328,189.60000610351562,196.3699951171875,195.95982360839844,16603100,0.0,0,0.052752888458103
2019-10-16,195.0,199.22000122070312,193.75,194.2100067138672,193.8043670654297,10723600,0.0,0,-0.010999481951342038
2019-10-17,196.0,197.80999755859375,192.10000610351562,194.2899932861328,193.8841552734375,6585900,0.0,0,0.0004116945826142526
2019-10-18,194.30999755859375,195.6199951171875,187.5,190.49000549316406,190.0921173095703,7686000,0.0,0,-0.019558266422128323
2019-10-21,192.9600067138672,196.5500030517578,192.1999969482422,196.00999450683594,195.6005859375,6546700,0.0,0,0.028977890855721222
2019-10-22,198.3000030517578,202.52999877929688,195.3000030517578,195.61000061035156,195.20143127441406,8218000,0.0,0,-0.0020406618986994474
2019-10-23,192.30999755859375,195.66000366210938,191.02999877929688,195.08999633789062,194.6824951171875,6997900,0.0,0,-0.0026584649192302745
2019-10-24,196.75,198.2100067138672,195.3800048828125,196.86000061035156,196.44882202148438,5800500,0.0,0,0.009072859392076582
2019-10-25,200.10000610351562,205.3800048828125,199.7899932861328,204.5399932861328,204.11276245117188,10577300,0.0,0,0.03901240206392953
2019-10-28,206.3000030517578,208.89999389648438,205.1199951171875,206.7899932861328,206.35806274414062,8269800,0.0,0,0.011000293494660252
2019-10-29,206.22999572753906,206.49000549316406,202.13999938964844,202.9199981689453,202.49615478515625,5280900,0.0,0,-0.018714596888674384
2019-10-30,204.0,204.22999572753906,200.25999450683594,203.0,202.57598876953125,5149000,0.0,0,0.00039424938443755053
2019-10-31,202.16000366210938,203.0,197.80999755859375,201.02000427246094,200.60012817382812,5243300,0.0,0,-0.009753676177047033
2019-11-01,199.60000610351562,203.88999938964844,198.58999633789062,202.58999633789062,202.16685485839844,7091000,0.0,0,0.0078101978240645575
2019-11-04,205.85000610351562,211.0,204.9199981689453,210.5,210.06031799316406,9417900,0.0,0,0.039044299028613505
2019-11-05,210.49000549316406,211.5399932861328,207.67999267578125,209.61000061035156,209.17218017578125,7521700,0.0,0,-0.004228013295741628
2019-11-06,208.63999938964844,209.6699981689453,204.11000061035156,207.6300048828125,207.19630432128906,6725300,0.0,0,-0.009446169432434703
2019-11-07,211.11000061035156,211.6999969482422,206.5399932861328,208.33999633789062,207.9048309326172,7008500,0.0,0,0.003419590970259012
2019-11-08,207.66000366210938,209.0500030517578,206.14999389648438,207.77999877929688,207.3459930419922,4727500,0.0,0,-0.002687950482526902
2019-11-11,207.75,209.11000061035156,204.27999877929688,208.17999267578125,207.7451629638672,6085900,0.0,0,0.0019251393095123248
2019-11-12,209.72000122070312,211.86000061035156,208.30999755859375,209.61000061035156,209.17218017578125,7087600,0.0,0,0.006869075513263656
2019-11-13,208.35000610351562,209.4600067138672,205.89999389648438,208.57000732421875,208.13436889648438,7504700,0.0,0,-0.004961516767787777
2019-11-14,208.92999267578125,209.8800048828125,206.52000427246094,209.7899932861328,209.351806640625,12952000,0.0,0,0.005849287412720061
2019-11-15,209.6999969482422,211.77999877929688,200.63999938964844,204.19000244140625,203.7635040283203,26340700,0.0,0,-0.026693357473134283
2019-11-18,203.88999938964844,213.35000610351562,203.77000427246094,212.27999877929688,211.8365936279297,14364700,0.0,0,0.039619899736742514
2019-11-19,211.02999877929688,211.97999572753906,205.64999389648438,207.99000549316406,207.55555725097656,10364100,0.0,0,-0.020209144716858307
2019-11-20,207.07000732421875,214.5500030517578,206.55999755859375,211.17999267578125,210.7388916015625,11814700,0.0,0,0.01533726387646972
2019-11-21,211.0,213.24000549316406,209.30999755859375,210.17999267578125,209.74098205566406,7209700,0.0,0,-0.004735288955515449
2019-11-22,211.08999633789062,212.9600067138672,209.94000244140625,210.88999938964844,210.4495086669922,5602500,0.0,0,0.0033781028599364493
2019-11-25,216.0399932861328,221.41000366210938,215.52000427246094,221.2100067138672,220.74795532226562,12661900,0.0,0,0.048935474929377554
2019-11-26,220.5,220.69000244140625,216.74000549316406,217.0,216.54673767089844,9631100,0.0,0,-0.01903173981944206
2019-11-27,218.6699981689453,220.0500030517578,217.17999267578125,218.24000549316406,217.94485473632812,5394600,0.16,0,0.006456421742794927
2019-11-29,217.0,218.13999938964844,215.77999877929688,216.74000549316406,216.44688415527344,3538900,0.0,0,-0.006873163318615427
2019-12-02,216.4600067138672,217.0,208.63999938964844,209.25,208.9669952392578,9300900,0.0,0,-0.03455761881353647
2019-12-03,201.8699951171875,207.82000732421875,200.3699951171875,207.66000366210938,207.37916564941406,11630800,0.0,0,-0.007598470696416726
2019-12-04,211.02000427246094,211.9199981689453,208.27000427246094,209.4199981689453,209.1367645263672,6835600,0.0,0,0.008475291485763092
2019-12-05,210.3000030517578,210.92999267578125,207.50999450683594,208.74000549316406,208.4576873779297,4622100,0.0,0,-0.003247048169533473
2019-12-06,211.52000427246094,213.49000549316406,211.1199951171875,212.1699981689453,211.883056640625,5805900,0.0,0,0.016431964231116147
2019-12-09,211.25,214.3699951171875,210.89999389648438,212.1699981689453,211.883056640625,5297000,0.0,0,0.0
2019-12-10,213.3800048828125,216.05999755859375,211.25999450683594,213.97999572753906,213.69061279296875,6409700,0.0,0,0.008530914085355779
2019-12-11,214.39999389648438,217.55999755859375,214.3000030517578,217.33999633789062,217.0460662841797,5844900,0.0,0,0.015702390700998325
2019-12-12,216.17999267578125,224.8000030517578,215.82000732421875,224.07000732421875,223.76698303222656,10108700,0.0,0,0.030965393029732002
2019-12-13,224.19000244140625,228.97999572753906,221.82000732421875,223.99000549316406,223.68707275390625,11367600,0.0,0,-0.0003571138031065457
2019-12-16,225.89999389648438,228.05999755859375,224.77000427246094,225.14999389648438,224.84548950195312,8024400,0.0,0,0.0051787380190777554
2019-12-17,225.89999389648438,229.1999969482422,225.52000427246094,228.2899932861328,227.98123168945312,8029900,0.0,0,0.01394620899198773
2019-12-18,229.69000244140625,231.94000244140625,229.35000610351562,229.50999450683594,229.1995849609375,8588700,0.0,0,0.005344094610138628
2019-12-19,230.89999389648438,236.0,230.6999969482422,235.4600067138672,235.1415557861328,11134000,0.0,0,0.025924876025443133
2019-12-20,238.1300048828125,240.38999938964844,237.36000061035156,239.3699951171875,239.0462646484375,15076100,0.0,0,0.01660577965153953
2019-12-23,240.52000427246094,241.80999755859375,238.38999938964844,238.82000732421875,238.4970245361328,8876500,0.0,0,-0.0022976310176293646
2019-12-24,238.1999969482422,239.30999755859375,236.82000732421875,238.6199951171875,238.2972869873047,3471600,0.0,0,-0.0008374844475171894
2019-12-26,238.75999450683594,240.32000732421875,238.0,239.19000244140625,238.86651611328125,4571300,0.0,0,0.0023887352356088964
2019-12-27,239.8000030517578,240.33999633789062,235.80999755859375,236.8699951171875,236.5496368408203,6366100,0.0,0,-0.009699472785721697
2019-12-30,235.99000549316406,236.1999969482422,231.05999755859375,232.32000732421875,232.00579833984375,6451400,0.0,0,-0.019208816219972502
2019-12-31,230.89999389648438,235.67999267578125,230.1300048828125,235.3000030517578,234.98178100585938,5775100,0.0,0,0.012827190903463404
2020-01-02,238.75,239.91000366210938,236.72000122070312,239.91000366210938,239.5855255126953,5938400,0.0,0,0.019591921072047436
2020-01-03,235.10000610351562,237.8300018310547,234.10000610351562,236.07000732421875,235.75074768066406,5134600,0.0,0,-0.016005882758672985
2020-01-06,232.32000732421875,237.27000427246094,231.27000427246094,237.05999755859375,236.73939514160156,6565900,0.0,0,0.004193613257492901
2020-01-07,238.1999969482422,241.77000427246094,236.38999938964844,239.92999267578125,239.60549926757812,7871400,0.0,0,0.012106578730854078
2020-01-08,239.75999450683594,242.0399932861328,238.14999389648438,240.3800048828125,240.05490112304688,6927700,0.0,0,0.0018755907391210247
2020-01-09,243.85000610351562,245.92999267578125,240.86000061035156,243.02000427246094,242.6913299560547,6377800,0.0,0,0.010982607814603362
2020-01-10,247.3300018310547,248.5500030517578,243.75,244.32000732421875,243.9895782470703,7907400,0.0,0,0.005349380594892761
2020-01-13,247.66000366210938,252.99000549316406,246.75,251.97999572753906,251.6392059326172,7996000,0.0,0,0.031352272258943215
2020-01-14,250.25999450683594,251.27999877929688,246.75,247.27999877929688,246.94557189941406,8977200,0.0,0,-0.01865223670456173
2020-01-15,247.7899932861328,248.69000244140625,244.52999877929688,245.57000732421875,245.2378692626953,6577600,0.0,0,-0.0069152996896593155
2020-01-16,247.72000122070312,249.1699981689453,246.77999877929688,248.92999267578125,248.5933380126953,7104800,0.0,0,0.013682506539826722
2020-01-17,249.6999969482422,250.0,247.3699951171875,249.27999877929688,248.94287109375,6344800,0.0,0,0.0014060436367639984
2020-01-21,247.80999755859375,249.2899932861328,246.57000732421875,247.94000244140625,247.6046905517578,5447900,0.0,0,-0.00537545235223158
2020-01-22,249.75999450683594,253.58999633789062,249.0,250.11000061035156,249.77174377441406,5981000,0.0,0,0.00875206854049182
2020-01-23,251.72000122070312,253.1999969482422,248.14999389648438,252.86000061035156,252.51803588867188,6112900,0.0,0,0.010995207355152914
2020-01-24,257.5,259.5,248.3000030517578,250.47999572753906,250.1412353515625,9337800,0.0,0,-0.009412399113373549
2020-01-27,238.24000549316406,242.25,232.22999572753906,240.1999969482422,239.87515258789062,11763400,0.0,0,-0.0410411452123971
2020-01-28,242.85000610351562,249.27000427246094,240.7100067138672,247.97000122070312,247.63462829589844,7774400,0.0,0,0.032347976121306354
2020-01-29,247.38999938964844,248.83999633789062,243.94000244140625,245.5399932861328,245.20791625976562,6471200,0.0,0,-0.009799566614864252
2020-01-30,241.61000061035156,246.35000610351562,239.39999389648438,245.80999755859375,245.47755432128906,7262600,0.0,0,0.00109963032856486
2020-01-31,243.97000122070312,244.4499969482422,234.75,236.42999267578125,236.1102294921875,9260500,0.0,0,-0.0381595981555255
2020-02-03,235.6999969482422,241.11000061035156,235.4499969482422,240.3300018310547,240.00497436523438,6398200,0.0,0,0.01649545164317301
2020-02-04,246.02999877929688,247.89999389648438,244.02000427246094,247.1300048828125,246.7957763671875,6788600,0.0,0,0.028294421896518873
2020-02-05,251.99000549316406,252.39999389648438,247.41000366210938,250.75999450683594,250.4208526611328,5205500,0.0,0,0.014688566989703444
2020-02-06,252.13999938964844,254.25,248.8800048828125,254.25,253.90614318847656,5457100,0.0,0,0.013917732849747955
2020-02-07,252.63999938964844,253.52999877929688,250.57000732421875,251.58999633789062,251.24974060058594,4743800,0.0,0,-0.010462143824219172
2020-02-10,252.5,263.0,252.3000030517578,262.9700012207031,262.6143798828125,13240200,0.0,0,0.04523244185271835
2020-02-11,267.32000732421875,272.5,264.8299865722656,267.8900146484375,267.5276794433594,15963900,0.0,0,0.01870917945445094
2020-02-12,270.010009765625,272.79998779296875,268.45001220703125,272.5400085449219,272.1714172363281,9366100,0.0,0,0.017357971341996903
2020-02-13,270.2099914550781,273.4800109863281,269.1099853515625,270.7799987792969,270.4137878417969,13200400,0.0,0,-0.00645780299922194
2020-02-14,287.260009765625,294.9700012207031,286.0,289.7900085449219,289.3980712890625,26048100,0.0,0,0.07020456907460737
2020-02-18,285.6400146484375,297.30999755859375,284.8599853515625,296.57000732421875,296.1689147949219,15504100,0.0,0,0.023396297963217627
2020-02-19,301.489990234375,315.4100036621094,301.489990234375,314.70001220703125,314.2744140625,17358300,0.0,0,0.06113234158998426
2020-02-20,312.7699890136719,316.32000732421875,296.3500061035156,308.70001220703125,308.2825012207031,20251300,0.0,0,-0.019065862741868833
2020-02-21,304.19000244140625,305.20001220703125,290.6600036621094,294.07000732421875,293.67230224609375,19204500,0.0,0,-0.0473922422348253
2020-02-24,270.19000244140625,281.8699951171875,268.0,273.2799987792969,272.9104309082031,21422900,0.0,0,-0.07069741061413559
2020-02-25,276.29998779296875,278.7900085449219,257.9599914550781,262.04998779296875,261.69561767578125,26387400,0.0,0,-0.041093384357280605
2020-02-26,262.05999755859375,275.45001220703125,262.0,267.6499938964844,267.28802490234375,18693300,0.0,0,0.021369892534811363
2020-02-27,254.89999389648438,267.0,248.88999938964844,252.60000610351562,252.40927124023438,22660400,0.16,0,-0.0556656201397181
2020-02-28,242.4600067138672,272.4599914550781,241.7899932861328,270.07000732421875,269.8660583496094,28366900,0.0,0,0.06916064145979894
2020-03-02,276.8999938964844,277.5899963378906,261.0,276.42999267578125,276.22125244140625,22268600,0.0,0,0.023549438305293657
2020-03-03,278.6700134277344,281.07000732421875,262.4599914550781,265.8900146484375,265.6892395019531,16319800,0.0,0,-0.0381289015467311
2020-03-04,270.20001220703125,284.8900146484375,267.20001220703125,284.510009765625,284.2951965332031,14935200,0.0,0,0.07002901986594456
2020-03-05,276.5,283.20001220703125,271.5,273.2900085449219,273.0836486816406,13508200,0.0,0,-0.03943629012477212
2020-03-06,266.0799865722656,268.3900146484375,258.0,266.0400085449219,265.8391418457031,12885300,0.0,0,-0.0265285265921692
2020-03-09,239.89999389648438,259.3999938964844,238.17999267578125,245.44000244140625,245.25466918945312,15354000,0.0,0,-0.07743206103259814
2020-03-10,256.5400085449219,261.0799865722656,245.99000549316406,261.0799865722656,260.8828430175781,14516200,0.0,0,0.06372222751059065
2020-03-11,255.4600067138672,256.6000061035156,242.57000732421875,246.47000122070312,246.2838897705078,12499100,0.0,0,-0.0559598058584736
2020-03-12,225.4600067138672,236.1199951171875,215.8000030517578,216.30999755859375,216.1466522216797,20413500,0.0,0,-0.12236788032262524
2020-03-13,230.5,241.02000427246094,219.61000061035156,240.83999633789062,240.6581268310547,15870900,0.0,0,0.1134020553056545
2020-03-16,212.41000366210938,226.10000610351562,194.0,196.39999389648438,196.25167846679688,18174300,0.0,0,-0.18452087593714106
2020-03-17,200.91000366210938,220.86000061035156,191.0,217.27000427246094,217.10594177246094,20840800,0.0,0,0.10626285323308626
2020-03-18,200.10000610351562,209.94000244140625,180.67999267578125,202.82000732421875,202.66685485839844,21856700,0.0,0,-0.06650710153845285
2020-03-19,201.9600067138672,216.72999572753906,193.38999938964844,212.97000122070312,212.80917358398438,19137800,0.0,0,0.05004428934702854
2020-03-20,219.0,230.32000732421875,205.1300048828125,205.75,205.59463500976562,20115900,0.0,0,-0.03390144537811268
2020-03-23,205.7100067138672,216.47999572753906,198.52000427246094,212.69000244140625,212.52940368652344,16096900,0.0,0,0.03373029980295161
2020-03-24,229.0,252.66000366210938,228.0500030517578,249.17999267578125,248.99183654785156,27541100,0.0,0,0.17156417996217344
2020-03-25,253.8000030517578,261.82000732421875,243.66000366210938,245.6199951171875,245.4345245361328,19835800,0.0,0,-0.014286862015394197
2020-03-26,253.94000244140625,262.2200012207031,250.0,257.239990234375,257.0457458496094,17402700,0.0,0,0.047308834547305834
2020-03-27,250.0,263.1199951171875,248.67999267578125,252.72999572753906,252.53915405273438,15970700,0.0,0,-0.017532255910244432
2020-03-30,255.36000061035156,265.9599914550781,253.58999633789062,265.5899963378906,265.3894348144531,15056300,0.0,0,0.05088431063262133
2020-03-31,267.20001220703125,275.3999938964844,257.75,263.6000061035156,263.4009704589844,23749000,0.0,0,-0.007492628170593818
2020-04-01,255.64999389648438,261.5299987792969,241.27999877929688,243.07000732421875,242.88645935058594,16422800,0.0,0,-0.07788320245233438
2020-04-02,244.24000549316406,256.0,242.30999755859375,255.47000122070312,255.27708435058594,16894100,0.0,0,0.05101406242706674
2020-04-03,253.9600067138672,255.6300048828125,238.38999938964844,243.91000366210938,243.725830078125,16580300,0.0,0,-0.045249867616777406
2020-04-06,255.24000549316406,269.8800048828125,252.92999267578125,268.3999938964844,268.1972961425781,18197100,0.0,0,0.10040571430861034
2020-04-07,277.29998779296875,278.25,257.29998779296875,259.0299987792969,258.8343811035156,19613000,0.0,0,-0.03491054970996066
2020-04-08,263.4100036621094,267.95001220703125,260.6000061035156,266.95001220703125,266.7484436035156,13561100,0.0,0,0.03057577770873854
2020-04-09,272.0,272.9200134277344,260.4200134277344,262.95001220703125,262.75146484375,13156200,0.0,0,-0.014984075279953935
2020-04-13,260.54998779296875,270.20001220703125,257.0,269.8500061035156,269.646240234375,9960200,0.0,0,0.026240673461992214
2020-04-14,275.0,285.32000732421875,273.8900146484375,283.95001220703125,283.735595703125,13273700,0.0,0,0.05225125874740044
2020-04-15,277.20001220703125,284.1700134277344,275.3800048828125,280.8399963378906,280.6279296875,9153700,0.0,0,-0.010952682929767366
2020-04-16,287.0799865722656,299.0,286.54998779296875,294.70001220703125,294.47747802734375,18640500,0.0,0,0.04935199555962311
2020-04-17,298.0,298.8599853515625,286.94000244140625,292.32000732421875,292.0992736816406,13478000,0.0,0,-0.008076014375137719
2020-04-20,287.239990234375,293.5,285.2699890136719,287.04998779296875,286.833251953125,11234700,0.0,0,-0.01802819179295556
2020-04-21,282.30999755859375,284.7699890136719,267.1099853515625,269.510009765625,269.3065185546875,18379000,0.0,0,-0.06110425928337537
2020-04-22,277.2300109863281,287.8699951171875,275.3999938964844,286.1499938964844,285.9339294433594,12118200,0.0,0,0.06174158344888103
2020-04-23,287.8399963378906,293.1400146484375,283.0,284.010009765625,283.7955322265625,10604000,0.0,0,-0.007478641030673749
2020-04-24,283.6000061035156,289.6700134277344,280.6000061035156,289.5899963378906,289.371337890625,8816100,0.0,0,0.019647263719469565
2020-04-27,294.989990234375,303.5,294.0,297.0799865722656,296.85565185546875,11984700,0.0,0,0.025864047280566016
2020-04-28,303.0,304.20001220703125,291.1400146484375,291.3599853515625,291.13995361328125,11072600,0.0,0,-0.019254133133265516
2020-04-29,296.7699890136719,300.5799865722656,293.75,298.4599914550781,298.234619140625,9479000,0.0,0,0.024368574080243066
2020-04-30,296.2900085449219,298.4599914550781,291.7200012207031,292.2799987792969,292.0592956542969,9397900,0.0,0,-0.02070625973645368
2020-05-01,284.3500061035156,288.8999938964844,280.8399963378906,282.7799987792969,282.56646728515625,8552400,0.0,0,-0.03250308588149531
2020-05-04,280.8800048828125,291.8399963378906,280.8800048828125,291.2900085449219,291.0700378417969,7938900,0.0,0,0.030094054111732715
2020-05-05,295.4700012207031,300.2699890136719,291.2900085449219,293.739990234375,293.5181884765625,9222400,0.0,0,0.008410864453510802
2020-05-06,296.92999267578125,302.0,295.4100036621094,297.7900085449219,297.56512451171875,8086600,0.0,0,0.013787684014271662
2020-05-07,303.3800048828125,307.4100036621094,301.32000732421875,304.8699951171875,304.6397705078125,9343300,0.0,0,0.023775118161789566
2020-05-08,307.75,312.75,306.3900146484375,312.5,312.2640075683594,8497700,0.0,0,0.02502705752383494
2020-05-11,312.29998779296875,324.5,311.1499938964844,322.6199951171875,322.3763732910156,11726500,0.0,0,0.032384025944592665
2020-05-12,324.94000244140625,326.8999938964844,311.7099914550781,312.1000061035156,311.86431884765625,12294300,0.0,0,-0.032608017566690406
2020-05-13,316.70001220703125,323.1400146484375,303.7900085449219,311.20001220703125,310.96502685546875,15646300,0.0,0,-0.0028836001358231167
2020-05-14,313.6700134277344,321.44000244140625,307.5,321.2200012207031,320.9774475097656,15057800,0.0,0,0.032197899408638264
2020-05-15,315.5899963378906,340.0199890136719,314.9599914550781,339.6300048828125,339.37353515625,24691500,0.0,0,0.057312710874880546
2020-05-18,350.4200134277344,356.6600036621094,347.2200012207031,350.010009765625,349.7457275390625,19410100,0.0,0,0.03056276140694658
2020-05-19,351.6099853515625,363.5,350.510009765625,352.2200012207031,351.95404052734375,17933000,0.0,0,0.006314052794353708
2020-05-20,359.6400146484375,361.7200012207031,355.54998779296875,358.79998779296875,358.529052734375,14688400,0.0,0,0.01868145112691333
2020-05-21,362.05999755859375,362.1000061035156,349.5,351.010009765625,350.7449645996094,19026700,0.0,0,-0.02171117814692869
2020-05-22,353.010009765625,363.7200012207031,348.5299987792969,361.04998779296875,360.77734375,25969100,0.0,0,0.028603059667137387
2020-05-26,366.2699890136719,367.2699890136719,346.8800048828125,348.7099914550781,348.4466552734375,19269500,0.0,0,-0.03417811204105714
2020-05-27,345.0,345.30999755859375,319.8699951171875,341.010009765625,340.75250244140625,29397300,0.0,0,-0.02208129340771947
2020-05-28,336.489990234375,350.4200134277344,335.1700134277344,339.4800109863281,339.2236633300781,18372400,0.0,0,-0.004486655564887587
2020-05-29,342.17999267578125,355.0199890136719,339.3999938964844,355.0199890136719,354.7519226074219,18648000,0.0,0,0.04577587284125917
2020-06-01,353.3299865722656,353.6300048828125,347.5799865722656,352.25,351.9840087890625,9746900,0.0,0,-0.007802392720003493
2020-06-02,351.8500061035156,353.489990234375,346.32000732421875,353.010009765625,352.7434387207031,9783000,0.0,0,0.002157569414171112
2020-06-03,352.8900146484375,354.6499938964844,348.0,350.7799987792969,350.5151062011719,9136000,0.0,0,-0.0063171480314779815
2020-06-04,349.1199951171875,357.7300109863281,347.1000061035156,350.6600036621094,350.55511474609375,10607000,0.16,0,0.0001141421417052424
2020-06-05,351.7799987792969,359.8800048828125,348.32000732421875,356.79998779296875,356.6932678222656,12043700,0.0,0,0.017509808922964165
2020-06-08,355.0899963378906,355.5899963378906,347.42999267578125,352.20001220703125,352.09466552734375,9693400,0.0,0,-0.012892315918934805
2020-06-09,352.0,364.3900146484375,350.04998779296875,361.8399963378906,361.7317810058594,11712200,0.0,0,0.027370807973139177
2020-06-10,366.7099914550781,380.0,366.1400146484375,374.6700134277344,374.5579528808594,15804500,0.0,0,0.03545768591118681
2020-06-11,366.0,370.45001220703125,351.44000244140625,351.8500061035156,351.7447814941406,14591300,0.0,0,-0.06090692030767064
2020-06-12,366.5,367.489990234375,348.1300048828125,357.29998779296875,357.193115234375,14252900,0.0,0,0.015489451519624442
2020-06-15,352.6099853515625,367.2900085449219,349.75,366.95001220703125,366.84027099609375,10000100,0.0,0,0.027008235462177677
2020-06-16,369.0,370.6700134277344,353.54998779296875,362.739990234375,362.6315002441406,13392900,0.0,0,-0.011473033591772541
2020-06-17,364.54998779296875,371.9599914550781,362.80999755859375,369.44000244140625,369.3294982910156,10188300,0.0,0,0.018470535632910012
2020-06-18,369.0799865722656,371.29998779296875,364.5799865722656,368.7200012207031,368.6097106933594,6360200,0.0,0,-0.001948903623964271
2020-06-19,369.70001220703125,377.79998779296875,369.0899963378906,370.45001220703125,370.3392028808594,13104000,0.0,0,0.0046919333303694355
2020-06-22,372.0,381.25,370.92999267578125,381.07000732421875,380.9560241699219,9961700,0.0,0,0.028667829942049083
2020-06-23,382.0400085449219,385.70001220703125,376.29998779296875,378.0,377.8869323730469,9377700,0.0,0,-0.00805628892091248
2020-06-24,379.04998779296875,382.260009765625,365.7799987792969,369.4200134277344,369.30950927734375,11234300,0.0,0,-0.022698385048243952
2020-06-25,374.2300109863281,380.20001220703125,367.2900085449219,379.6000061035156,379.4864807128906,9401800,0.0,0,0.027556754375106518
2020-06-26,380.0,380.0,365.0,366.20001220703125,366.0904846191406,14802100,0.0,0,-0.035300324977545205
2020-06-29,366.7900085449219,368.17999267578125,356.0,368.0,367.8899230957031,8556200,0.0,0,0.004915283385293456
2020-06-30,372.55999755859375,381.04998779296875,370.6600036621094,379.9100036621094,379.79638671875,9197300,0.0,0,0.03236420156023012
2020-07-01,380.8299865722656,383.0299987792969,376.5199890136719,381.20001220703125,381.08599853515625,8166200,0.0,0,0.0033955347167671235
2020-07-02,385.55999755859375,389.5,383.1300048828125,384.489990234375,384.375,9101400,0.0,0,0.008630601694856965
2020-07-06,389.6700134277344,396.3500061035156,388.5,393.57000732421875,393.4523010253906,7897300,0.0,0,0.02361574250508136
2020-07-07,397.8500061035156,402.79998779296875,394.0299987792969,394.8699951171875,394.75189208984375,8945000,0.0,0,0.0033030460390401917
2020-07-08,399.75,409.0,398.6199951171875,408.6400146484375,408.5177917480469,9137000,0.0,0,0.03487228290490396
2020-07-09,415.2099914550781,422.79998779296875,409.3399963378906,420.3599853515625,420.2342529296875,12363700,0.0,0,0.028680418376653583
2020-07-10,423.54998779296875,426.2099914550781,415.1499938964844,419.1700134277344,419.0446472167969,12441900,0.0,0,-0.002830815681009402
2020-07-13,423.79998779296875,431.69000244140625,401.0,402.0899963378906,401.9697265625,11426900,0.0,0,-0.04074725871742968
2020-07-14,403.0,416.1099853515625,391.4200134277344,415.0799865722656,414.9558410644531,13566900,0.0,0,0.03230620030270859
2020-07-15,416.57000732421875,417.32000732421875,402.2300109863281,409.0899963378906,408.9676513671875,10099600,0.0,0,-0.01443090831521876
2020-07-16,400.6000061035156,408.2699890136719,395.82000732421875,405.3900146484375,405.2687683105469,8624100,0.0,0,-0.009044439197758547
2020-07-17,409.0199890136719,409.94000244140625,403.510009765625,408.05999755859375,407.9379577636719,6657100,0.0,0,0.006586220458714598
2020-07-20,410.9700012207031,421.25,406.2699890136719,420.42999267578125,420.3042297363281,7121300,0.0,0,0.030314099821572293
2020-07-21,420.5199890136719,422.3999938964844,411.4700012207031,413.1400146484375,413.0164489746094,6941700,0.0,0,-0.017339299122187346
2020-07-22,414.70001220703125,424.1000061035156,411.6600036621094,417.54998779296875,417.42510986328125,9182300,0.0,0,0.010674298565147122
2020-07-23,418.0,421.8800048828125,401.25,405.19000244140625,405.0688171386719,10291500,0.0,0,-0.029601220512720072
2020-07-24,395.0,414.5899963378906,391.0799865722656,407.7799987792969,407.65802001953125,11832300,0.0,0,0.00639200741036805
2020-07-27,409.2900085449219,417.6700134277344,408.7099914550781,416.8599853515625,416.73529052734375,7303300,0.0,0,0.022266875817572807
2020-07-28,414.9700012207031,415.2799987792969,408.3699951171875,408.6199951171875,408.4977722167969,6790900,0.0,0,-0.019766788409311342
2020-07-29,415.6300048828125,420.6499938964844,413.8800048828125,418.6199951171875,418.4947814941406,7112700,0.0,0,0.02447261639419218
2020-07-30,415.0,424.9200134277344,411.80999755859375,424.55999755859375,424.4330139160156,7722000,0.0,0,0.01418950172012634
2020-07-31,422.5299987792969,430.6600036621094,417.32000732421875,424.5899963378906,424.4630126953125,9657200,0.0,0,7.067965571305734e-05
